
| 1 ||
|| 13 14 |  9 10 44 43 |
| 30 | 57 58 || 28 61 |  5  6 | 50 49 37 38 | 33 34 26 25 |
| 11 . 12 | 63 . 64 | 31 32 . 41 42 || 17 . 18 54 . 53 | 21 22 55 56 .|. 48 47 59 60 |
| 29 | 51 52 || 27 62 | 35 36 |  3  4 40 39 | 19 20 45 46 |
||  7  8 | 16 15 24 23 |
| 2 ||

left of || are in pole i.e. either trigram double or inverse
. and row ref are inverse (also .|.)
in each group: the 2 half are 3-reverse

full-pole: 11 12 || 1 2
inner-pole: 63 64 || 29 30
outer-pole: 31 32 41 42 || 51 52 57 58
2-pair: 17 18 53 54 | 7 8 13 14 | 5 6 35 36 | 27 28 61 62
4-pair: the rest


 2,
24,
 7, 19,
15, 36, 46, 11,
16, 51, 40, 54, 62, 55, 32, 34,
 8,  3, 29, 60, 39, 63, 48,  5, 45, 17, 47, 58, 31, 49, 28, 43,
23, 27,  4, 41, 52, 22, 18, 26, 35, 21, 64, 38, 56, 30, 50, 14, 20, 42, 59, 61, 53, 37, 57,  9, 12, 25,  6, 10, 33, 13, 44,  1
